1000 1001 
5
249 788 212
710 53 267
461 533 751
332 282 947
837 33 -86
70 206 4
697 549 -231
138 385 -257
857 817 722
686 951 861
673 907 160
942 925 667
280 912 927
271 196 484
863 352 981
529 409 -80
59 475 -475
435 965 -851
264 766 263
425 737 -618
619 508 -775
888 331 -777
113 656 -896
264 184 708
653 769 335
249 184 -333
948 750 -307
563 597 25
67 178 -730
641 171 817
716 196 -804
673 16 786
351 223 83
176 728 947
5 297 732
187 255 997
246 933 -49
702 846 -499
324 639 -260
102 750 -327
387 796 -639
996 546 901
44 674 -661
667 708 -712
267 741 384
907 26 -681
196 116 209
326 215 910
341 990 -531
459 882 -529
750 952 -708
960 497 -305
346 212 -305
863 607 -604
223 680 -598
999 980 -971
111 791 64
171 429 96
562 576 55
177 968 335
812 600 -88
277 772 251
850 983 120
162 822 996
453 500 198
854 280 -148
348 77 992
699 432 -852
555 126 354
672 716 -269
801 182 -179
942 922 715
668 261 -369
844 856 161
609 629 -997
935 2 -985
750 881 481
804 745 212
260 217 926
91 870 951
263 626 684
10 168 -783
50 366 -355
608 838 -621
872 774 -386
273 46 48
607 817 -591
983 565 678
443 475 -857
169 393 464
159 533 13
255 74 56
445 164 -285
9 515 -868
417 896 51
898 663 913
862 795 -15
765 972 43
596 95 -939
417 920 -662
436 687 775
397 277 -117
359 842 -947
103 948 -595
240 132 -956
967 470 -944
37 949 -579
990 12 525
771 215 269
297 165 -654
80 881 476
33 840 -47
307 332 -436
129 247 -880
641 677 333
178 106 178
402 292 169
247 494 742
160 671 -144
845 767 313
415 886 206
319 203 869
99 841 -632
860 50 921
327 718 -1000
515 736 420
758 713 834
189 512 -14
279 707 -538
354 807 896
606 432 324
715 394 -764
750 83 -222
964 273 378
817 341 -358
990 215 -178
931 743 435
854 290 64
979 226 -653
701 958 -296
151 454 410
58 107 824
734 797 657
457 786 975
187 353 945
374 474 -10
634 892 152
588 645 113
621 968 -269
794 562 -993
433 411 -575
36 853 937
112 765 876
531 251 -206
896 903 858
439 482 877
46 987 -786
653 615 692
627 994 -138
324 693 -324
7 422 587
233 426 -814
38 87 -87
756 505 -636
196 699 564
855 428 556
745 719 187
127 441 -2
709 717 -381
723 944 535
828 398 702
859 171 -971
781 50 358
561 195 359
315 957 -997
968 403 302
935 669 -652
949 849 156
556 47 -586
555 637 80
742 410 164
988 458 -160
591 490 17
853 175 39
518 709 635
486 392 -126
292 656 -84
564 695 849
139 6 -434
919 650 778
887 388 -475
145 428 -848
151 75 965
925 474 439
900 932 -483
347 773 528
779 901 -6
645 650 705
473 214 -474
487 618 613
368 594 239
300 611 -772
346 788 643
149 644 -403
860 806 588
660 745 647
116 47 899
794 475 936
608 593 -198
672 94 -687
349 111 16
349 3 966
659 551 154
939 600 -968
202 177 5
177 259 -212
425 991 -93
494 833 921
740 954 -364
563 997 473
412 482 699
627 341 162
707 424 625
562 556 663
551 814 -400
607 356 -859
909 328 191
330 715 594
252 6 847
381 541 717
817 332 207
619 600 85
680 152 946
162 120 -151
767 244 682
540 958 533
822 864 -504
883 290 581
334 432 469
430 456 298
554 383 895
682 543 -516
778 458 264
213 934 48
621 142 -483
980 634 -732
390 193 837
45 133 424
474 467 -811
130 146 -527
608 130 -104
885 948 888
756 486 635
315 554 -479
447 503 550
307 299 -766
922 910 -337
355 831 -260
637 14 828
173 915 -491
735 372 -543
454 345 35
792 515 595
415 523 -598
616 465 884
559 758 276
955 481 936
437 328 -620
441 48 -143
288 913 404
866 784 678
995 430 -249
970 455 889
644 241 -58
208 364 800
590 597 -595
624 875 210
598 556 636
635 730 829
97 341 399
727 701 -892
242 860 -275
981 289 287
483 186 743
557 413 247
428 792 -163
790 485 977
478 322 910
782 622 578
427 498 805
650 237 -581
517 994 -966
880 843 -161
441 751 -987
932 516 -563
495 308 -277
1000 508 290
886 997 -627
932 635 103
441 556 -854
173 909 777
797 419 -219
435 985 -102
143 364 666
441 659 723
643 348 -303
733 961 -930
64 534 -67
240 903 -667
367 690 900
160 875 -668
967 604 -558
609 549 -375
141 164 619
450 789 -815
165 962 872
569 955 -545
239 274 -838
642 284 782
350 576 -968
665 772 967
292 520 -800
867 569 -933
545 614 -194
733 271 -787
798 85 -495
39 921 529
732 779 504
683 82 -122
970 556 -368
172 334 650
856 990 -345
767 974 413
607 319 -452
998 354 -680
207 633 136
249 666 246
730 314 -610
271 167 -932
489 569 579
96 4 -710
430 42 -599
456 172 -980
705 552 -85
571 205 -980
905 961 -795
869 514 -214
139 159 -525
143 234 -633
511 797 -432
489 735 -492
808 6 -666
802 317 -232
355 303 -424
352 619 140
534 587 -18
152 388 82
391 540 -331
265 365 -514
835 470 960
361 96 302
436 699 -864
690 460 -385
127 70 -286
43 17 -316
687 813 -65
334 703 851
291 683 930
416 127 326
604 869 920
780 251 508
512 130 617
34 910 -680
235 423 529
216 682 -469
605 114 -660
140 384 735
84 195 318
743 272 -184
283 618 -898
595 992 886
232 7 325
90 623 -563
396 308 -346
586 310 902
442 242 578
929 895 637
738 697 -17
833 782 -754
194 260 -878
572 166 -57
193 877 548
630 958 -742
261 626 558
320 947 -738
672 974 -58
947 438 -507
653 649 -887
962 657 -128
363 564 819
257 517 -968
742 907 -620
874 693 435
290 427 -647
977 330 909
89 374 967
894 540 -306
116 713 644
173 569 284
637 812 510
398 330 747
767 560 170
868 818 -165
488 953 -817
162 868 825
454 127 -264
929 194 761
91 762 461
192 824 719
762 975 -993
285 21 583
763 990 -338
954 852 555
914 978 842
24 615 -781
274 798 818
585 952 -217
971 52 -288
927 446 931
547 608 655
333 616 -469
183 963 964
288 515 -966
206 309 967
473 389 -684
265 845 944
295 683 933
367 928 11
380 557 588
467 251 217
3 740 -480
777 887 334
233 811 -613
871 558 356
265 839 517
395 678 -789
325 684 -909
193 33 277
486 439 673
516 508 811
955 7 285
770 460 256
278 497 -528
908 859 -160
683 438 97
302 112 -309
182 656 -343
268 390 880
272 163 404
108 102 -412
814 997 535
604 779 936
291 64 -448
102 512 570
809 87 902
764 452 -131
366 356 513
103 770 835
130 380 880
745 913 100
570 20 52
133 120 -600
522 800 -567
803 831 440
4 677 756
786 639 951
198 508 652
328 360 847
979 671 228
683 947 324
843 868 658
933 678 -488
453 407 -421
121 364 -871
841 536 352
136 844 676
423 475 -179
22 191 -991
403 233 556
694 638 -775
130 292 -402
216 230 90
298 417 -840
421 356 150
317 742 -341
107 504 -938
185 807 -982
683 97 -829
210 273 898
315 187 899
427 10 272
779 292 -51
448 306 -702
949 809 706
581 123 -612
451 982 -947
734 448 656
779 631 -961
779 342 901
713 118 -117
462 578 364
622 209 558
645 796 396
914 984 943
743 573 688
486 331 -253
49 827 619
165 48 -491
508 522 -243
451 60 174
859 686 -265
638 814 355
667 290 -737
156 102 -105
59 170 -495
984 31 -78
262 605 -42
243 976 -477
666 127 94
471 877 -145
557 162 -578
92 137 -634
249 169 805
5 467 -280
41 946 -929
830 292 -807
455 449 -226
774 393 727
608 922 -768
234 790 -326
487 511 -390
69 499 597
855 998 -768
132 307 -995
983 482 539
597 571 921
617 637 -247
31 309 158
762 618 -570
124 159 510
482 369 -669
620 303 165
761 973 -135
149 658 -406
775 405 -940
820 142 370
132 688 517
36 9 18
62 118 894
797 815 -390
506 886 873
619 280 -685
889 951 -24
755 55 677
623 747 35
929 896 48
585 346 870
78 195 810
703 289 -226
192 267 -898
311 984 -517
189 799 385
261 766 700
165 982 -284
320 105 391
243 247 239
762 552 -363
937 742 -857
274 556 -604
524 170 67
60 901 654
756 924 -273
143 473 -768
821 874 -482
904 582 321
918 877 -708
640 16 889
35 269 -163
953 886 310
702 134 782
831 83 448
459 772 183
320 413 -904
719 34 -576
214 826 -141
942 159 132
648 929 472
798 172 -271
20 354 -59
350 218 -754
989 438 -168
330 337 425
538 17 631
250 204 -469
495 319 -859
858 121 21
493 451 770
256 871 -221
794 863 165
767 6 -835
780 40 847
854 764 -182
522 930 -108
922 512 -922
674 638 337
425 511 -787
839 388 -630
314 653 225
460 779 50
792 274 680
15 787 6
291 862 -502
251 45 -138
335 199 103
9 895 -78
464 870 722
277 358 -765
657 824 -607
261 41 -549
296 711 177
6 41 -360
250 479 283
625 48 -399
544 57 -730
499 682 815
120 366 -257
402 178 292
992 133 584
376 237 522
195 41 -544
758 138 749
155 276 368
49 804 275
279 68 -359
76 788 446
723 442 -389
704 579 -146
915 176 816
36 95 837
163 357 905
706 449 496
51 881 -158
453 219 -597
956 493 -642
385 79 946
462 113 325
420 363 -920
662 437 -820
118 936 719
680 404 -469
957 147 357
124 977 -642
929 882 814
582 195 959
667 33 -371
428 564 629
701 560 -299
69 210 921
419 696 212
77 797 -777
263 250 -624
177 834 -39
231 72 592
311 54 652
455 902 603
306 859 37
34 495 -738
159 480 -544
221 34 -147
69 590 -902
322 837 -639
926 483 -651
120 470 -59
775 55 -236
882 975 -293
505 548 -113
236 168 -911
302 337 -213
166 985 67
354 104 809
981 740 319
123 131 -576
478 80 -834
910 622 133
705 326 -617
145 113 -204
338 186 -239
406 886 85
213 323 -284
757 882 973
482 682 308
475 573 93
933 716 -66
712 753 -101
786 626 -256
388 617 -464
18 612 937
819 121 6
546 97 -7
238 646 -210
888 710 105
868 933 355
164 128 139
8 180 -954
642 987 -882
45 103 847
512 728 -67
878 155 -792
346 440 -367
678 712 -1000
231 258 -984
327 180 952
800 843 -576
708 338 -817
237 802 85
504 168 -192
853 450 -21
574 987 846
910 53 893
65 772 696
331 869 818
391 734 201
540 344 -212
264 585 -248
102 487 -900
325 970 532
651 201 288
119 99 -963
144 91 -462
197 297 -720
357 744 -173
32 801 644
64 230 635
520 872 966
39 980 690
705 217 754
564 974 813
551 707 -378
583 371 963
910 413 -554
228 418 -378
813 628 979
237 593 -603
28 261 47
521 965 -838
473 394 483
532 428 856
373 415 141
47 380 328
441 481 749
438 186 -164
378 249 146
831 214 -51
977 530 625
641 833 898
933 701 50
301 499 157
292 34 185
52 799 87
445 589 696
488 331 466
408 542 914
477 390 339
552 560 101
927 414 880
516 369 29
257 776 -146
491 387 692
66 75 652
839 146 -184
401 800 -863
294 493 -726
652 774 -205
638 393 -465
321 753 322
173 739 -43
110 786 -983
852 181 177
546 153 -902
157 166 345
293 661 -75
983 339 -65
535 414 -510
123 874 875
959 868 -441
175 247 -613
56 575 -76
260 367 717
466 280 573
108 373 -990
705 955 412
954 610 38
515 915 924
181 345 -249
505 169 -862
442 328 804
696 713 780
762 945 -7
933 715 495
762 788 431
601 90 810
333 515 633
55 281 705
252 864 -396
970 907 -833
375 34 26
425 602 562
80 693 -815
227 214 -797
970 754 660
237 858 530
519 874 128
952 92 -406
771 272 -980
642 748 2
910 960 154
945 518 -592
697 322 926
170 326 -130
411 797 981
805 695 937
874 281 -719
364 407 19
320 609 861
54 625 33
869 576 158
761 937 664
750 338 -188
631 520 -850
693 652 159
511 125 -757
231 609 961
26 166 -209
566 406 949
483 473 -436
996 73 -41
941 439 -25
907 74 -874
75 765 144
167 652 178
876 828 786
311 623 -326
685 526 -695
828 919 -620
82 894 -306
327 273 308
738 879 534
27 411 103
24 595 234
907 204 -596
437 208 83
828 289 170
780 484 -314
801 614 -898
147 898 31
833 109 719
670 189 260
907 834 -306
583 446 -469
300 708 411
600 485 853
94 570 -226
531 317 371
626 651 -356
659 976 -278
13 789 936
621 724 603
599 414 697
920 862 -939
695 489 -254
765 65 -125
795 689 848
6 111 420
450 591 180
622 608 -773
88 4 -886
776 863 -512
359 486 762
114 415 217
799 458 723
265 690 -834
551 622 -700
626 746 -108
45 174 -148
351 236 -598
772 644 924
878 282 -430
21 424 662
679 477 -383
460 727 102
321 132 73
279 962 -530
553 297 876
851 449 -557
904 613 114
211 272 -402
864 237 -622
525 337 -283
809 685 -705
783 99 -560
219 825 463
574 750 170
578 788 -713
225 936 -117
23 340 -650
199 396 -485
312 940 -3
799 203 -162
558 882 -724
425 354 -786
597 660 -440
823 571 -557
976 976 -486
223 406 453
867 744 295
326 211 -84
995 49 376
745 25 866
347 635 -422
674 526 994
204 752 -33
667 767 651
953 488 -536
756 48 -157
517 215 -907
856 100 579
967 319 441
381 451 -528
380 436 -705
776 3 736
163 550 -88
599 261 759
349 752 -95
740 337 200
824 196 -359
372 92 255
939 733 715
135 135 639
171 294 -907
497 614 992
560 488 853
767 954 -346
320 185 -566
535 464 -634
990 359 -894
187 929 730
861 675 282
984 408 483
931 953 595
208 310 860
658 934 477
134 704 -438
874 76 511
610 421 941
890 751 405
391 290 604
465 521 520
856 70 -155
771 741 -924
845 956 815
632 72 -420
934 290 -12
444 217 573
981 824 486
673 627 -813
267 412 -786
352 915 -259
612 359 903
402 546 853
523 209 -165
108 973 894
962 34 706
290 162 489
427 157 -672
497 497 -928
279 521 596
613 85 -943
358 172 354
263 929 79
543 38 653
565 481 214
920 862 -445
677 742 -786
438 556 -276
529 282 -504
566 493 619
829 846 -672
994 802 -985
422 562 -537
600 586 -596
839 758 830
